4.246999733255214e-10,3.432647182427298e-10,-6.399659722025018e-10,40.13207802911941,-46.736154882386785,28.356616633980423,0,0,0
6.010029454015031e-10,-1.6177197923180748e-10,-3.759177789056445e-10,-43.41984972077986,-21.053902548471214,92.64764322765376,0,0,0
-2.940767734984216e-10,1.795963665725899e-10,5.102707255839894e-10,-6.29775941842712,25.65003565931849,-64.46229701772404,0,0,0
-2.2547908998596834e-11,-7.434880904520959e-10,8.135550579856887e-10,-51.76971318343413,-62.08334296866354,-51.58065753819514,0,0,0
-4.5542623810573773e-10,-7.416084550580616e-10,-5.42511664379936e-10,-27.791074324615977,36.78927223319141,19.794844033528676,0,0,0
-7.91824442965592e-10,-2.8804880283322107e-10,1.653916733345374e-10,29.437047307221775,73.02724232872251,-30.796873275805197,0,0,0
-6.516563414788568e-10,-2.236660158324224e-10,8.221360103641608e-10,-13.718025368183277,47.91975823842989,32.20923882626829,0,0,0
8.54651668938687e-10,-7.722897628608466e-10,-7.834267803839661e-10,-39.0916324909407,-57.34615429082541,49.90612250040286,0,0,0
-4.971190108046817e-10,-5.947023612370924e-10,3.6273378968435654e-11,-8.23332419211576,59.23445055862925,21.40900436081327,0,0,0
-5.731665832451218e-10,-3.374132906766035e-10,-5.161949121389195e-10,-70.18456098073915,-98.1839203526186,-61.42477742279906,0,0,0
2.0304831320255284e-10,-7.212340512908555e-10,-4.167041548657945e-10,55.38125599784081,13.079839110458494,15.343094430933618,0,0,0
-5.813811693728254e-10,3.0285597734441037e-10,6.236745852218416e-11,-57.604365805669964,-96.58454352710383,4.5743639044166144,0,0,0
-6.146618902848245e-10,-7.537861059214425e-10,-8.638658053225014e-10,52.2467770117662,53.58869976080953,83.60211804370675,0,0,0
3.8717962198164864e-10,3.294773769245275e-12,-6.516895592145314e-10,72.25783065587657,12.329363437289473,0.2072724714919758,0,0,0
8.968578862905321e-10,6.691648725090539e-10,-6.907353718575582e-10,-20.456056865537704,91.22283629267955,-67.35983306703389,0,0,0
8.954728400291777e-10,-6.159028581818705e-10,-3.597893469019444e-10,85.49191210417467,10.937566098331118,-29.60241026548114,0,0,0
-7.875890256914928e-10,5.640727980267684e-10,-3.802094191270947e-11,48.79906376851545,53.56608753416549,-38.90092304808317,0,0,0
1.1097665692303471e-11,1.0959108397223461e-10,7.073552375425061e-10,-6.5262176716469185,-58.84111581787601,-53.12128492040144,0,0,0
-5.358609813833458e-10,4.6016602216939223e-10,-5.30663920774636e-10,-39.965233389808375,45.02270074529514,-42.3512378584848,0,0,0
3.681760639968542e-10,-7.080136414996071e-10,2.153380893070804e-10,27.984936985192533,52.021257260798194,55.97110366082188,0,0,0
4.914135956505072e-10,5.846011017690786e-10,-2.7284368121919052e-11,-7.066845726231421,-98.62309579520996,-55.363218162867824,0,0,0
8.778572835589689e-10,1.368278771414673e-10,-5.149515014690201e-10,-39.62195171430647,23.16400683251186,-42.467429821166604,0,0,0
4.3210553347715474e-10,-7.317023413344973e-10,-1.5657487751863552e-10,80.54823131928956,8.70963814596253,-40.61663538084637,0,0,0
3.0596377199879353e-11,7.030026629623897e-10,7.742575449466564e-10,-79.28870845326195,85.56686112870887,33.46242305258306,0,0,0
-3.4836782880367035e-10,-5.704634173690824e-10,6.139922864944326e-10,73.41474665645066,-78.82428007552109,26.823890134024737,0,0,0
1.4787268595071197e-10,-5.629331776913641e-12,-2.0046095380106101e-10,44.793194776947075,2.5833391827474657,-33.332907219192705,0,0,0
-1.0867094972731411e-10,-7.914880865223094e-10,-7.446771838114724e-10,20.963509322396973,71.46278781843225,38.05747655690081,0,0,0
8.829647042731978e-10,-8.356108862407687e-10,5.109886385674625e-10,-91.97649592185455,-8.488918790696374,-92.20866126288682,0,0,0
6.315607238947156e-10,2.7813080171723057e-10,8.387940323140592e-11,94.1722973144839,-87.66886454535445,-64.36544902760608,0,0,0
-2.4385599411700617e-10,5.762551304771868e-10,-3.5420857870219016e-10,28.973673056662022,88.61872532212666,-68.54615449237093,0,0,0
-1.6624044373618637e-10,7.901478232576897e-10,1.8546782645328314e-10,-86.21198369306498,99.54029400981983,-72.99281794712226,0,0,0
2.913034454030344e-11,-3.401479411112841e-10,6.698886303676678e-10,95.96078783781073,41.49799396519077,3.9943104464410766,0,0,0
3.160720892210088e-11,-8.790699074891522e-10,1.580618931047722e-10,17.05241581614088,7.033705468325067,-56.81973892850063,0,0,0
7.996007943182733e-10,4.390537939977679e-10,-2.395710015986492e-10,-78.21036061845348,-83.01506962122798,52.86716592973406,0,0,0
-8.803703903512807e-10,-6.380243902883187e-10,-5.635257058478993e-10,-22.513699891995742,-50.18355570872761,-43.57519046133711,0,0,0
4.72207986795444e-10,6.939416196272828e-10,-6.854678115433212e-10,19.096356152984953,8.782981241728251,-10.479152305568647,0,0,0
-3.230786398299597e-10,-3.3290110086140314e-10,-2.1991529417795073e-10,86.01361312284095,5.799272211061108,-89.30400853908016,0,0,0
1.3196791485430984e-10,-8.44941308255284e-11,3.4030693021433295e-10,11.058702890369858,92.34254958249605,-30.98108604207721,0,0,0
6.6301809558827e-10,-8.700538916132843e-10,-4.247084110325586e-10,-95.34319033740348,93.90356156833755,-58.64097064000033,0,0,0
5.25231389324674e-10,-5.7324749116455744e-11,8.956239840496922e-11,3.6836740074003274,84.39195639789835,23.4957530186537,0,0,0
-4.0629725585825273e-10,-8.685614688129482e-10,-1.7077799569307371e-10,20.73027856579411,48.883490481131616,47.633697212256635,0,0,0
-1.741923921482358e-10,2.6304598480305196e-10,3.265523431670212e-11,-96.97793720680514,-93.81849319426776,47.5490676981579,0,0,0
-5.746688313779661e-10,7.723450944924069e-11,-3.1159951212998907e-10,-75.14760491060011,75.64158575063766,-86.823203594701,0,0,0
5.683935647034887e-10,7.909388701380279e-10,7.870229002183741e-10,0.35348010125355245,56.05455813803471,77.46690883388186,0,0,0
-5.262107612555337e-10,-3.518588902063528e-10,4.1855946977967865e-10,-32.446457435888675,-1.0654627813089235,85.71841826493485,0,0,0
4.287919453579259e-10,-2.405173182198978e-10,4.727438354171768e-10,11.217329229134236,-30.033408455382002,33.221960673769644,0,0,0
-7.909449339982774e-11,-6.474958987441868e-10,-2.1978539959627135e-10,97.02516058271985,-36.08751435981983,24.733880648424062,0,0,0
-5.293772256112269e-10,8.248650505782636e-10,-5.470810453369879e-10,-73.29989698507286,61.61568342685908,72.47543076846279,0,0,0
-8.600635525638152e-10,5.855283790813251e-11,2.4844776457621e-10,60.777063995930064,35.10521003141059,25.907413972064603,0,0,0
-5.342226833196389e-10,4.802680728937632e-10,4.5625579923813775e-10,42.40085021342236,-40.24793475336688,-64.0601292432778,0,0,0
4.195020176670337e-10,9.965296972768e-11,6.564220888776358e-10,61.75092173059545,86.90361351760129,-73.24814625773008,0,0,0
1.7771511622710697e-10,8.029771843029334e-10,2.5189977557946955e-10,2.471467854762949,-37.69144806214475,13.737098867061832,0,0,0
-2.397041160172496e-10,-1.2407692257714104e-10,-7.450764766599736e-10,-6.791924528235313,96.06835365771721,40.063924870297,0,0,0
-3.6869373550544446e-11,5.487630449354007e-10,4.5434133520095573e-10,4.874984575641776,-0.14747778415230073,-69.36758748307803,0,0,0
7.621240884265083e-10,-4.717150814868193e-10,3.157152561507546e-10,-66.10792205604014,85.25595469615484,-56.95273206372591,0,0,0
8.976203369534221e-10,1.3649203103380046e-10,-9.277497533353878e-11,-48.92551656571689,-29.29607396004495,-13.983878905237091,0,0,0
6.778278482013987e-10,-1.3757011431296608e-10,8.607808016689404e-10,90.13279115366262,15.559935995376577,1.5107173522445976,0,0,0
4.445360639919076e-10,-6.652030283586973e-10,8.816062083606701e-10,-11.65901400511035,-73.91655121155529,92.56904935728667,0,0,0
5.416808454702724e-10,8.236378718721961e-10,-3.615943640977004e-10,21.528387504617214,-57.44239356830312,83.73969986569804,0,0,0
5.6144023249571585e-11,4.007128584478357e-10,-5.301003271447155e-10,8.377703187465357,28.317511226679983,34.67471448819103,0,0,0
5.497511734299584e-10,-4.716156410727315e-10,-8.078234818476222e-10,-40.91536481910825,74.81953803854066,-21.070825981941326,0,0,0
2.2718035389446522e-10,3.756962923404403e-10,2.3113411773426385e-10,71.15358703654891,-50.06674239099959,4.284394981882556,0,0,0
-8.764798018319404e-10,-5.296647533917723e-10,4.0147190908877493e-10,23.941921732966208,91.3476553668487,46.88933271942133,0,0,0
-8.726546289960037e-10,4.0908812806476745e-10,-7.118471543409749e-10,-63.8870954145909,-44.0353687327909,93.94239700893175,0,0,0
7.711753036328714e-10,8.720361228832851e-10,3.8086249449886505e-10,20.35263625855559,25.72403990535517,-35.87239409391741,0,0,0
-8.343343701902262e-10,-1.6755838053099537e-10,-3.1691170076864995e-10,-47.43542213944962,-25.808512419950745,92.53798966072512,0,0,0
8.206725472086911e-10,-2.647480827750223e-10,-7.43668141510016e-10,33.867827215328646,16.459045666604837,9.943689133877086,0,0,0
-4.6008957063522566e-10,3.945274774662512e-10,-8.76658522042411e-10,-47.337466345818015,52.790845810993744,26.993527181814898,0,0,0
-6.823172845671315e-10,-6.59590245534762e-10,8.556253919928637e-10,45.776818755927934,93.15790026067921,-38.385506990727556,0,0,0
8.463124397529625e-10,2.4446646758322628e-11,3.1307531050202606e-10,-88.07318995640716,-0.15345895697456058,-17.342029551106535,0,0,0
-3.0949909078637506e-10,8.166783749366919e-10,-8.31559173775474e-10,-40.722662876019356,-58.00140582205804,42.246039413068246,0,0,0
1.1532617418437363e-10,3.3544404771372447e-10,-1.346250881334344e-10,-53.95740865937502,72.71396539098942,87.79876407640563,0,0,0
4.5280996609413336e-10,4.898474031684645e-10,4.702539217369094e-10,-51.54222912777393,84.55041483851636,7.317965352305961,0,0,0
-4.571071312209003e-11,-5.384981907364385e-10,3.019341844974928e-10,24.966757308240844,35.067741001095925,83.02660015662443,0,0,0
-8.958202756156135e-10,-9.743059527710841e-11,-8.080262336650306e-10,-21.59918552906707,-93.91251785228367,61.02840986865593,0,0,0
-8.891014825216381e-10,-8.352349489278198e-10,-1.5569492302479023e-10,63.81368197095043,7.459383794226085,78.56940611920209,0,0,0
-2.0982903697827764e-10,-8.923755181440266e-10,5.292823906570805e-10,55.181352062330774,-41.44744284929227,64.25648792299657,0,0,0
-8.972626106520704e-10,-1.9958215474933887e-10,5.748525033128956e-10,52.113269252843196,-41.73572330778255,-79.3930387989076,0,0,0
-7.095279124415313e-10,8.912162342585773e-10,4.718134705298829e-10,-80.55806560811536,41.027113567153435,-79.68411552510196,0,0,0
-2.556620857444696e-10,-3.574409433306622e-10,8.678444677553974e-10,17.586156072781066,-92.28040707161563,82.82951420586161,0,0,0
6.523850250342871e-10,3.6355628742485156e-10,7.187841851744579e-10,-47.01545702608514,59.30677679599253,5.271922292394791,0,0,0
-8.01661557257319e-10,3.3667833999900787e-10,8.292166967488016e-10,-23.46149527601537,-56.44431781482122,-95.71319607452553,0,0,0
7.484247027064012e-11,-2.8055795841224224e-10,-5.470811164015945e-10,79.6827988794411,-36.57040283758424,3.4519217698166074,0,0,0
-4.097251792699569e-10,2.819557737094747e-10,8.785392129034025e-10,67.06687762997484,-36.650000519686074,52.619408538004706,0,0,0
2.1772637513368253e-10,-7.620643339970781e-10,-8.728650473140819e-10,-2.8741528403530623,-76.31773598670215,-46.463522672551804,0,0,0
-8.633095287520676e-10,8.683601465781908e-10,-6.973101976722429e-10,-65.61974203804365,19.6302720580358,41.76943645247465,0,0,0
-2.6872185387173844e-10,2.027413797320397e-10,-5.82509573591155e-10,91.66092269471179,93.49982923806789,20.732091300805337,0,0,0
-3.6167386245246715e-11,-2.2025003687053866e-10,-6.595746218766184e-12,12.73362410373933,-59.30982679062866,42.7945731848873,0,0,0
-7.410672377290681e-10,-5.134134687630092e-10,-2.235976422040953e-10,-77.02357532770141,67.21948331445697,13.704200239845889,0,0,0
8.933870713451108e-11,8.073889785134896e-10,-4.063218746433313e-10,71.77713878440801,-31.43040672383175,33.38867886945437,0,0,0
-5.669056169160364e-10,-7.21125834175761e-10,3.797776416502746e-10,-92.08660426058594,-5.742656463198401,-38.23381186037555,0,0,0
-6.111427009461902e-10,8.176758565699e-10,1.0847061718289033e-10,-93.26635430158707,-24.36601725889686,1.3583648509479076,0,0,0
2.8811988229504447e-10,-1.5573450430913828e-10,8.553229596984285e-10,94.26587720194797,-98.9789647253502,-52.4965661673598,0,0,0
-1.0605406047448512e-10,8.94148066174858e-10,5.120198857808549e-10,-51.33982398868675,0.1840504960487266,-17.554854488391,0,0,0
-4.2208850968061555e-10,6.420856369554967e-10,8.096524449898022e-10,-21.21997732572794,2.389013278416158,-12.558862344759717,0,0,0
2.4252585372559874e-10,3.8098704896718884e-10,8.923126309022886e-10,-74.49221382258295,10.222188849018508,5.673222334642006,0,0,0
6.734391615511798e-11,4.704643993494604e-10,-8.632916351701335e-10,-55.482830864818666,-32.80824513255243,39.22862444796925,0,0,0
8.378889458790859e-10,-5.809446100700224e-10,8.091306138857219e-10,-14.874184392702077,97.56910761366589,88.13934278063056,0,0,0
-8.952769723651853e-10,7.822265088119533e-10,7.950561885784552e-10,-59.26984457836555,98.47302882637331,-36.58458317726947,0,0,0
7.03405531840067e-10,8.783325831155487e-10,-1.2559576563399353e-11,-38.98025139185171,72.66208043528334,-59.69973405489972,0,0,0
